Database of Origin,University of Winnipeg Spectrophotometer Facility
Sample Description,Lunar samples/ analogues and glasses - ASD spectra (from PSF) NASA Apollo lunar samples
Date Added,2018-07-23 21:03:11.227576

Data ID,                    

Wavelength
351.0,0.082713996
352.0,0.082912633
353.0,0.081995762
354.0,0.087487998
355.0,0.089022163
356.0,0.088581163
357.0,0.087115694
358.0,0.087080312
359.0,0.087752674
360.0,0.088988095
361.0,0.087890422
362.0,0.086768119
363.0,0.085952202
364.0,0.086966001
365.0,0.087325688
366.0,0.087896153
367.0,0.089619109
368.0,0.089771936
369.0,0.090011279
370.0,0.090703915
371.0,0.090765514
372.0,0.091625006
373.0,0.092767598
374.0,0.092285197
375.0,0.092370248
376.0,0.092338203
377.0,0.091545648
378.0,0.092114097
379.0,0.092726567
380.0,0.093155517
381.0,0.095232413
382.0,0.095971343
383.0,0.095997952
384.0,0.096824145
385.0,0.097331449
386.0,0.097252763
387.0,0.096172359
388.0,0.097431919
389.0,0.098089814
390.0,0.097733284
391.0,0.097827033
392.0,0.097627453
393.0,0.097521863
394.0,0.098693389
395.0,0.099637865
396.0,0.100265482
397.0,0.100423096
398.0,0.100899207
399.0,0.101121727
400.0,0.101057448
401.0,0.101326095
402.0,0.101555041
403.0,0.101875539
404.0,0.102670186
405.0,0.10302957
406.0,0.103499785
407.0,0.104406635
408.0,0.104350533
409.0,0.104398812
410.0,0.104640149
411.0,0.104926465
412.0,0.105171449
413.0,0.10547264
414.0,0.106081425
415.0,0.10639478
416.0,0.106727103
417.0,0.107232217
418.0,0.107229023
419.0,0.107340019
420.0,0.107604068
421.0,0.108086046
422.0,0.108630673
423.0,0.109127247
424.0,0.109378595
425.0,0.109622408
426.0,0.109931294
427.0,0.110352474
428.0,0.110861619
429.0,0.11118245
430.0,0.111352998
431.0,0.111753512
432.0,0.111954678
433.0,0.112141
434.0,0.112588902
435.0,0.112906622
436.0,0.113155562
437.0,0.113347985
438.0,0.113614231
439.0,0.113959594
440.0,0.114344304
441.0,0.114533495
442.0,0.114716487
443.0,0.114980732
444.0,0.115488307
445.0,0.115822707
446.0,0.116089904
447.0,0.116315362
448.0,0.11668799
449.0,0.117070956
450.0,0.11742208
451.0,0.117497564
452.0,0.117791031
453.0,0.118159212
454.0,0.118469895
455.0,0.118911514
456.0,0.119318823
457.0,0.119645619
458.0,0.120048126
459.0,0.120253325
460.0,0.120336617
461.0,0.120626882
462.0,0.120990034
463.0,0.121352492
464.0,0.121642961
465.0,0.121796981
466.0,0.121997461
467.0,0.122288685
468.0,0.122682644
469.0,0.122980015
470.0,0.12323609
471.0,0.123671745
472.0,0.123837204
473.0,0.124063031
474.0,0.124665715
475.0,0.124804505
476.0,0.125022382
477.0,0.125417126
478.0,0.125611429
479.0,0.125892233
480.0,0.1262058
481.0,0.126400979
482.0,0.126642391
483.0,0.126941249
484.0,0.127327786
485.0,0.127685298
486.0,0.127984232
487.0,0.128221143
488.0,0.128478699
489.0,0.128733521
490.0,0.129011222
491.0,0.129393017
492.0,0.129715463
493.0,0.129986746
494.0,0.130198348
495.0,0.130549245
496.0,0.130812871
497.0,0.130979758
498.0,0.131413079
499.0,0.131672492
500.0,0.13184714
501.0,0.132085774
502.0,0.132437562
503.0,0.132774264
504.0,0.133030295
505.0,0.133249477
506.0,0.133515943
507.0,0.133828573
508.0,0.134102045
509.0,0.134382117
510.0,0.134664711
511.0,0.134956275
512.0,0.13521309
513.0,0.135464318
514.0,0.135720258
515.0,0.135956656
516.0,0.136234357
517.0,0.136551729
518.0,0.136885879
519.0,0.137121734
520.0,0.137332505
521.0,0.137638385
522.0,0.137927971
523.0,0.13819282
524.0,0.138425594
525.0,0.138706043
526.0,0.138960775
527.0,0.139189849
528.0,0.139428618
529.0,0.139733396
530.0,0.140034413
531.0,0.140232137
532.0,0.140533789
533.0,0.140828645
534.0,0.141078121
535.0,0.141288288
536.0,0.141527072
537.0,0.141791182
538.0,0.142030963
539.0,0.142323523
540.0,0.142600227
541.0,0.142772263
542.0,0.143052048
543.0,0.143308063
544.0,0.143496197
545.0,0.143778157
546.0,0.144008952
547.0,0.144212399
548.0,0.144502362
549.0,0.144761368
550.0,0.145015284
551.0,0.14530499
552.0,0.145576756
553.0,0.145832484
554.0,0.146070574
555.0,0.146347595
556.0,0.146593099
557.0,0.146814985
558.0,0.147044376
559.0,0.147312035
560.0,0.147592816
561.0,0.147870562
562.0,0.148083916
563.0,0.148324543
564.0,0.148611727
565.0,0.148819508
566.0,0.149043629
567.0,0.149289375
568.0,0.149592492
569.0,0.14985278
570.0,0.150094585
571.0,0.150330923
572.0,0.15055074
573.0,0.150788527
574.0,0.151050236
575.0,0.151277664
576.0,0.151522776
577.0,0.15177719
578.0,0.152017968
579.0,0.152256495
580.0,0.152490206
581.0,0.152716033
582.0,0.152981894
583.0,0.153238876
584.0,0.153481934
585.0,0.153729583
586.0,0.153946017
587.0,0.154162391
588.0,0.154469403
589.0,0.154697783
590.0,0.154925196
591.0,0.155201054
592.0,0.155452086
593.0,0.155686536
594.0,0.155908104
595.0,0.156164558
596.0,0.156389071
597.0,0.156600023
598.0,0.156841073
599.0,0.15705044
600.0,0.157267931
601.0,0.157515172
602.0,0.157726003
603.0,0.157948569
604.0,0.158189618
605.0,0.158424431
606.0,0.158657054
607.0,0.158884286
608.0,0.159094845
609.0,0.159350407
610.0,0.159618911
611.0,0.159888035
612.0,0.160113031
613.0,0.160363504
614.0,0.16063601
615.0,0.160828478
616.0,0.161009907
617.0,0.161196229
618.0,0.161416544
619.0,0.161637871
620.0,0.161855906
621.0,0.162066994
622.0,0.162205852
623.0,0.162362908
624.0,0.162545107
625.0,0.162760363
626.0,0.162969095
627.0,0.163180893
628.0,0.163415147
629.0,0.163645867
630.0,0.163887128
631.0,0.164147115
632.0,0.164380221
633.0,0.164615759
634.0,0.164848835
635.0,0.165044051
636.0,0.165281733
637.0,0.165530666
638.0,0.165758018
639.0,0.165965664
640.0,0.166160593
641.0,0.166343774
642.0,0.166488537
643.0,0.166652629
644.0,0.166838362
645.0,0.167055174
646.0,0.167264389
647.0,0.167477939
648.0,0.167713884
649.0,0.167932251
650.0,0.168149501
651.0,0.168369816
652.0,0.168600144
653.0,0.168811489
654.0,0.169012036
655.0,0.169250836
656.0,0.169474096
657.0,0.169690817
658.0,0.16990781
659.0,0.170090794
660.0,0.170283655
661.0,0.170492282
662.0,0.170689295
663.0,0.170892561
664.0,0.171102728
665.0,0.171327
666.0,0.171540006
667.0,0.171747817
668.0,0.171955689
669.0,0.172162186
670.0,0.172370722
671.0,0.172581146
672.0,0.172763436
673.0,0.172943657
674.0,0.173127744
675.0,0.173337654
676.0,0.173555719
677.0,0.17376797
678.0,0.173963202
679.0,0.174168763
680.0,0.174387855
681.0,0.174618817
682.0,0.174806467
683.0,0.175012331
684.0,0.17522662
685.0,0.17542975
686.0,0.175629482
687.0,0.175835421
688.0,0.1760519
689.0,0.176237422
690.0,0.176420784
691.0,0.17660703
692.0,0.176822845
693.0,0.17702004
694.0,0.177207479
695.0,0.177389497
696.0,0.17757591
697.0,0.177763017
698.0,0.177948085
699.0,0.178150188
700.0,0.178356731
701.0,0.178564466
702.0,0.178745835
703.0,0.178926388
704.0,0.179114764
705.0,0.179323421
706.0,0.179514937
707.0,0.179700565
708.0,0.179882537
709.0,0.18007564
710.0,0.180263381
711.0,0.180447558
712.0,0.180653437
713.0,0.180849559
714.0,0.181038192
715.0,0.181227896
716.0,0.181412723
717.0,0.181603681
718.0,0.181806735
719.0,0.181994703
720.0,0.182193378
721.0,0.182399302
722.0,0.182581863
723.0,0.182765618
724.0,0.182948889
725.0,0.183130409
726.0,0.183306341
727.0,0.183485505
728.0,0.183671857
729.0,0.183885754
730.0,0.18407425
731.0,0.184240276
732.0,0.184403538
733.0,0.184573882
734.0,0.184751294
735.0,0.184940244
736.0,0.185110633
737.0,0.185286384
738.0,0.185475122
739.0,0.185630078
740.0,0.185795047
741.0,0.185970254
742.0,0.186150248
743.0,0.186322012
744.0,0.18649731
745.0,0.186683602
746.0,0.186849355
747.0,0.187019398
748.0,0.18719983
749.0,0.187370129
750.0,0.187546605
751.0,0.187734618
752.0,0.187931315
753.0,0.188094667
754.0,0.188248657
755.0,0.188418186
756.0,0.188573535
757.0,0.188741584
758.0,0.188928132
759.0,0.18909893
760.0,0.189278924
761.0,0.189457438
762.0,0.189592476
763.0,0.189749274
764.0,0.189915541
765.0,0.19008726
766.0,0.190238849
767.0,0.19039234
768.0,0.190551011
769.0,0.190699715
770.0,0.190872491
771.0,0.191055853
772.0,0.191214252
773.0,0.19135166
774.0,0.191490594
775.0,0.191646788
776.0,0.191829969
777.0,0.191987688
778.0,0.192116987
779.0,0.192274254
780.0,0.19240831
781.0,0.192535434
782.0,0.192693335
783.0,0.192849499
784.0,0.193001918
785.0,0.19314733
786.0,0.193274665
787.0,0.193423475
788.0,0.19359462
789.0,0.193735577
790.0,0.193877108
791.0,0.194019802
792.0,0.194160789
793.0,0.194307711
794.0,0.194459133
795.0,0.194615252
796.0,0.194776793
797.0,0.194907149
798.0,0.195010654
799.0,0.195172587
800.0,0.195322242
801.0,0.195461221
802.0,0.195601831
803.0,0.19571781
804.0,0.195829002
805.0,0.195943547
806.0,0.196047989
807.0,0.196156009
808.0,0.196269633
809.0,0.196403175
810.0,0.196528124
811.0,0.196652696
812.0,0.196785861
813.0,0.196891541
814.0,0.197009438
815.0,0.197160513
816.0,0.197242801
817.0,0.197352649
818.0,0.197488517
819.0,0.197594831
820.0,0.19771892
821.0,0.197853504
822.0,0.19799354
823.0,0.198101606
824.0,0.19819368
825.0,0.198271301
826.0,0.198365655
827.0,0.198470022
828.0,0.198581712
829.0,0.198688736
830.0,0.198788708
831.0,0.198895128
832.0,0.199026903
833.0,0.199109146
834.0,0.199192974
835.0,0.199297219
836.0,0.199397599
837.0,0.199505348
838.0,0.199617672
839.0,0.199718701
840.0,0.199831554
841.0,0.199938729
842.0,0.20001774
843.0,0.200108304
844.0,0.20020145
845.0,0.200293886
846.0,0.200398992
847.0,0.200493889
848.0,0.200585601
849.0,0.200699224
850.0,0.200825185
851.0,0.200938778
852.0,0.20101122
853.0,0.201113668
854.0,0.201194099
855.0,0.201243043
856.0,0.201341459
857.0,0.201442397
858.0,0.2015448
859.0,0.201652292
860.0,0.201742841
861.0,0.201817231
862.0,0.201875175
863.0,0.201955031
864.0,0.202040219
865.0,0.202128109
866.0,0.202207452
867.0,0.202282038
868.0,0.202363345
869.0,0.202488868
870.0,0.202566354
871.0,0.202631864
872.0,0.202703958
873.0,0.20276675
874.0,0.202857208
875.0,0.202978563
876.0,0.203087082
877.0,0.203191977
878.0,0.203285727
879.0,0.203342675
880.0,0.203442163
881.0,0.203533935
882.0,0.203588511
883.0,0.20368883
884.0,0.203760608
885.0,0.203801412
886.0,0.203893999
887.0,0.20399397
888.0,0.204088491
889.0,0.204147326
890.0,0.20425207
891.0,0.204358807
892.0,0.204445414
893.0,0.204566829
894.0,0.204673642
895.0,0.204763269
896.0,0.204850707
897.0,0.204930956
898.0,0.20501122
899.0,0.205100515
900.0,0.205206014
901.0,0.205296079
902.0,0.205358252
903.0,0.205447501
904.0,0.205557062
905.0,0.205679022
906.0,0.205748262
907.0,0.205856192
908.0,0.205963518
909.0,0.206008808
910.0,0.206097015
911.0,0.206192411
912.0,0.206281631
913.0,0.206346204
914.0,0.206451069
915.0,0.206582452
916.0,0.206635835
917.0,0.206730627
918.0,0.206825797
919.0,0.206866118
920.0,0.206975664
921.0,0.207096219
922.0,0.207206369
923.0,0.207316957
924.0,0.207399652
925.0,0.207459907
926.0,0.207525719
927.0,0.207603462
928.0,0.207700594
929.0,0.207838108
930.0,0.207949829
931.0,0.208050842
932.0,0.208142523
933.0,0.208260783
934.0,0.208385461
935.0,0.208505245
936.0,0.208586914
937.0,0.208685481
938.0,0.208788262
939.0,0.208883945
940.0,0.208962563
941.0,0.209062882
942.0,0.209194929
943.0,0.209308628
944.0,0.209441189
945.0,0.209573191
946.0,0.209626333
947.0,0.209763363
948.0,0.209903324
949.0,0.209973183
950.0,0.210154355
951.0,0.210285632
952.0,0.210326965
953.0,0.21045051
954.0,0.210585351
955.0,0.2107214
956.0,0.210803295
957.0,0.210911543
958.0,0.211049102
959.0,0.211238021
960.0,0.211335184
961.0,0.211447796
962.0,0.211595548
963.0,0.211790478
964.0,0.211917391
965.0,0.212008906
966.0,0.212141799
967.0,0.21228123
968.0,0.212410408
969.0,0.212510984
970.0,0.212667269
971.0,0.212768011
972.0,0.212811412
973.0,0.212994774
974.0,0.21315938
975.0,0.213312736
976.0,0.213464037
977.0,0.213572254
978.0,0.213698352
979.0,0.213876096
980.0,0.213935822
981.0,0.214030795
982.0,0.214169019
983.0,0.214253829
984.0,0.214433476
985.0,0.214644201
986.0,0.214752796
987.0,0.214828877
988.0,0.214969336
989.0,0.215232841
990.0,0.215290046
991.0,0.215392177
992.0,0.215547344
993.0,0.215670301
994.0,0.215775603
995.0,0.215903694
996.0,0.216153925
997.0,0.216248264
998.0,0.216364787
999.0,0.216574863
1000.0,0.216644481
1001.0,0.216644481
1002.0,0.216900632
1003.0,0.217237309
1004.0,0.217535317
1005.0,0.217756405
1006.0,0.218009204
1007.0,0.218159705
1008.0,0.218082905
1009.0,0.218182966
1010.0,0.218463257
1011.0,0.218616396
1012.0,0.21875456
1013.0,0.2189762
1014.0,0.219149932
1015.0,0.219269276
1016.0,0.219374791
1017.0,0.219492987
1018.0,0.219638869
1019.0,0.219806463
1020.0,0.219962135
1021.0,0.22011824
1022.0,0.220254153
1023.0,0.220379874
1024.0,0.220533252
1025.0,0.22072953
1026.0,0.220952854
1027.0,0.221069828
1028.0,0.221160471
1029.0,0.221305013
1030.0,0.221461639
1031.0,0.221589893
1032.0,0.221696734
1033.0,0.221783862
1034.0,0.221906394
1035.0,0.222100958
1036.0,0.222264081
1037.0,0.222486049
1038.0,0.222761899
1039.0,0.222996175
1040.0,0.223158196
1041.0,0.223310575
1042.0,0.223337889
1043.0,0.223367378
1044.0,0.223556757
1045.0,0.223775193
1046.0,0.224009365
1047.0,0.224256262
1048.0,0.224442676
1049.0,0.224596351
1050.0,0.224653259
1051.0,0.224615082
1052.0,0.224703163
1053.0,0.224990606
1054.0,0.225245968
1055.0,0.225390792
1056.0,0.225521788
1057.0,0.225637779
1058.0,0.225765273
1059.0,0.225966752
1060.0,0.226170883
1061.0,0.226295874
1062.0,0.226407424
1063.0,0.226548865
1064.0,0.226681024
1065.0,0.226790175
1066.0,0.226919189
1067.0,0.227076903
1068.0,0.227253959
1069.0,0.227431998
1070.0,0.227664277
1071.0,0.227889359
1072.0,0.227958858
1073.0,0.228034496
1074.0,0.228252009
1075.0,0.228480101
1076.0,0.228617534
1077.0,0.228757977
1078.0,0.2288782
1079.0,0.228963554
1080.0,0.229141533
1081.0,0.229387641
1082.0,0.229571
1083.0,0.229695708
1084.0,0.229853392
1085.0,0.230093077
1086.0,0.230307207
1087.0,0.23037222
1088.0,0.230437651
1089.0,0.230640233
1090.0,0.230844617
1091.0,0.230958343
1092.0,0.231053814
1093.0,0.231245264
1094.0,0.231471568
1095.0,0.231596351
1096.0,0.23164697
1097.0,0.23176381
1098.0,0.231963471
1099.0,0.232146502
1100.0,0.232288837
1101.0,0.232451454
1102.0,0.232683331
1103.0,0.232915193
1104.0,0.233077958
1105.0,0.233241409
1106.0,0.233370975
1107.0,0.23350212
1108.0,0.233652204
1109.0,0.233793646
1110.0,0.233971089
1111.0,0.234179839
1112.0,0.234318972
1113.0,0.234393686
1114.0,0.23450543
1115.0,0.234671354
1116.0,0.234831855
1117.0,0.234959424
1118.0,0.235083953
1119.0,0.235212356
1120.0,0.235341325
1121.0,0.235546857
1122.0,0.235750869
1123.0,0.23586148
1124.0,0.235957429
1125.0,0.236077055
1126.0,0.236210868
1127.0,0.236323535
1128.0,0.236432731
1129.0,0.236573949
1130.0,0.236718461
1131.0,0.236863554
1132.0,0.237031028
1133.0,0.237196803
1134.0,0.237350985
1135.0,0.237501591
1136.0,0.237641796
1137.0,0.237777412
1138.0,0.237892583
1139.0,0.238004193
1140.0,0.238155439
1141.0,0.238342628
1142.0,0.238565341
1143.0,0.238768518
1144.0,0.238920406
1145.0,0.239044294
1146.0,0.239176512
1147.0,0.23932974
1148.0,0.239446506
1149.0,0.239458501
1150.0,0.239506647
1151.0,0.239680186
1152.0,0.239844665
1153.0,0.240001664
1154.0,0.24017334
1155.0,0.240363374
1156.0,0.240534589
1157.0,0.240733132
1158.0,0.240937471
1159.0,0.241095468
1160.0,0.241228819
1161.0,0.241377071
1162.0,0.241551936
1163.0,0.241739213
1164.0,0.241903767
1165.0,0.242017582
1166.0,0.242090523
1167.0,0.242189035
1168.0,0.242349684
1169.0,0.242514849
1170.0,0.242695555
1171.0,0.242869884
1172.0,0.243015513
1173.0,0.243168429
1174.0,0.243335664
1175.0,0.24348101
1176.0,0.24359791
1177.0,0.243714258
1178.0,0.243822306
1179.0,0.243951336
1180.0,0.244123578
1181.0,0.244291589
1182.0,0.244422808
1183.0,0.244532794
1184.0,0.244658321
1185.0,0.244819745
1186.0,0.24499248
1187.0,0.245178252
1188.0,0.245346114
1189.0,0.245464146
1190.0,0.24559103
1191.0,0.24575454
1192.0,0.245914221
1193.0,0.246043563
1194.0,0.246137917
1195.0,0.24622716
1196.0,0.246343568
1197.0,0.246497571
1198.0,0.24669224
1199.0,0.246861458
1200.0,0.246996433
1201.0,0.247136191
1202.0,0.24729903
1203.0,0.247453853
1204.0,0.247580394
1205.0,0.247712657
1206.0,0.247881994
1207.0,0.248041749
1208.0,0.248160273
1209.0,0.24828057
1210.0,0.248430282
1211.0,0.248588458
1212.0,0.248697445
1213.0,0.248778507
1214.0,0.248900041
1215.0,0.249080911
1216.0,0.249275342
1217.0,0.249452606
1218.0,0.249623701
1219.0,0.249753401
1220.0,0.24988243
1221.0,0.250044703
1222.0,0.250190288
1223.0,0.250280827
1224.0,0.250374854
1225.0,0.250525326
1226.0,0.250689834
1227.0,0.250859499
1228.0,0.251016557
1229.0,0.251138866
1230.0,0.25126946
1231.0,0.251435786
1232.0,0.251604527
1233.0,0.251743376
1234.0,0.251871943
1235.0,0.251973093
1236.0,0.252026916
1237.0,0.252110511
1238.0,0.252236813
1239.0,0.252371073
1240.0,0.252516776
1241.0,0.252651572
1242.0,0.252771318
1243.0,0.252905756
1244.0,0.253058702
1245.0,0.253205359
1246.0,0.253370404
1247.0,0.253542662
1248.0,0.253667384
1249.0,0.253796011
1250.0,0.253964245
1251.0,0.254085928
1252.0,0.254195511
1253.0,0.254299968
1254.0,0.254389107
1255.0,0.254514247
1256.0,0.254670054
1257.0,0.254788816
1258.0,0.254862487
1259.0,0.254927993
1260.0,0.255012155
1261.0,0.255102456
1262.0,0.255192071
1263.0,0.255318284
1264.0,0.255468041
1265.0,0.255612791
1266.0,0.255737215
1267.0,0.255855292
1268.0,0.255962104
1269.0,0.256065577
1270.0,0.256177634
1271.0,0.256284893
1272.0,0.256400347
1273.0,0.256521553
1274.0,0.256648302
1275.0,0.256759822
1276.0,0.256867826
1277.0,0.256974161
1278.0,0.257096618
1279.0,0.257215083
1280.0,0.257306725
1281.0,0.25740397
1282.0,0.257514745
1283.0,0.257614374
1284.0,0.257697403
1285.0,0.257793128
1286.0,0.257926255
1287.0,0.258069575
1288.0,0.258190304
1289.0,0.258304983
1290.0,0.258418024
1291.0,0.25851965
1292.0,0.258620173
1293.0,0.258766592
1294.0,0.258905262
1295.0,0.258997411
1296.0,0.25906986
1297.0,0.259139508
1298.0,0.259226084
1299.0,0.259348601
1300.0,0.259480208
1301.0,0.259599686
1302.0,0.25970456
1303.0,0.259845734
1304.0,0.260014683
1305.0,0.260184646
1306.0,0.260345489
1307.0,0.260478288
1308.0,0.260577351
1309.0,0.260694742
1310.0,0.26083082
1311.0,0.260927588
1312.0,0.261024237
1313.0,0.261150032
1314.0,0.261290401
1315.0,0.26140824
1316.0,0.261506736
1317.0,0.261662394
1318.0,0.261833459
1319.0,0.261951357
1320.0,0.262040943
1321.0,0.262158126
1322.0,0.262289166
1323.0,0.262394786
1324.0,0.262514591
1325.0,0.262691557
1326.0,0.262863785
1327.0,0.262986273
1328.0,0.26309225
1329.0,0.263217956
1330.0,0.263362974
1331.0,0.263513714
1332.0,0.263631701
1333.0,0.263719499
1334.0,0.263848335
1335.0,0.264024615
1336.0,0.264190018
1337.0,0.26433748
1338.0,0.264452875
1339.0,0.264562547
1340.0,0.264686167
1341.0,0.264773577
1342.0,0.264842719
1343.0,0.264916837
1344.0,0.265010685
1345.0,0.265123427
1346.0,0.265239209
1347.0,0.26536423
1348.0,0.265510559
1349.0,0.265680343
1350.0,0.265852749
1351.0,0.26600191
1352.0,0.266139299
1353.0,0.266278744
1354.0,0.266405225
1355.0,0.266509295
1356.0,0.26661244
1357.0,0.266733795
1358.0,0.266853958
1359.0,0.26695013
1360.0,0.267064124
1361.0,0.267234147
1362.0,0.267413557
1363.0,0.267572463
1364.0,0.267738551
1365.0,0.267929047
1366.0,0.268103123
1367.0,0.268226743
1368.0,0.268380195
1369.0,0.268555045
1370.0,0.268702745
1371.0,0.268841326
1372.0,0.268993258
1373.0,0.269116491
1374.0,0.26922372
1375.0,0.269354433
1376.0,0.269506961
1377.0,0.269645154
1378.0,0.269745946
1379.0,0.269838959
1380.0,0.269951135
1381.0,0.270070136
1382.0,0.270190448
1383.0,0.27030611
1384.0,0.270405442
1385.0,0.270507991
1386.0,0.270637214
1387.0,0.270802289
1388.0,0.270958036
1389.0,0.271105915
1390.0,0.271259367
1391.0,0.271375149
1392.0,0.27147463
1393.0,0.271615088
1394.0,0.271784306
1395.0,0.271945864
1396.0,0.272093624
1397.0,0.272224933
1398.0,0.272357643
1399.0,0.272514254
1400.0,0.272672862
1401.0,0.272802025
1402.0,0.272928417
1403.0,0.273047149
1404.0,0.273166597
1405.0,0.27329132
1406.0,0.273420721
1407.0,0.273587495
1408.0,0.273770869
1409.0,0.27392754
1410.0,0.274061739
1411.0,0.274182826
1412.0,0.274297327
1413.0,0.274415761
1414.0,0.274554849
1415.0,0.274712145
1416.0,0.274861783
1417.0,0.275001556
1418.0,0.275131732
1419.0,0.275245667
1420.0,0.275355577
1421.0,0.275465578
1422.0,0.275577813
1423.0,0.275700957
1424.0,0.275844157
1425.0,0.276000112
1426.0,0.276165992
1427.0,0.276334226
1428.0,0.276494265
1429.0,0.276647568
1430.0,0.276793271
1431.0,0.276944011
1432.0,0.277114302
1433.0,0.277286291
1434.0,0.277442187
1435.0,0.277593315
1436.0,0.277719885
1437.0,0.277823925
1438.0,0.277944177
1439.0,0.278086513
1440.0,0.278233618
1441.0,0.278391659
1442.0,0.278547347
1443.0,0.278684795
1444.0,0.278800011
1445.0,0.278897911
1446.0,0.278992355
1447.0,0.279109508
1448.0,0.279245824
1449.0,0.279395729
1450.0,0.279550165
1451.0,0.279672801
1452.0,0.279805869
1453.0,0.279944837
1454.0,0.280051142
1455.0,0.280122429
1456.0,0.280173153
1457.0,0.280230135
1458.0,0.280299634
1459.0,0.280384481
1460.0,0.28049159
1461.0,0.280610025
1462.0,0.280745625
1463.0,0.280880421
1464.0,0.280976892
1465.0,0.28103292
1466.0,0.281104773
1467.0,0.281204045
1468.0,0.28130734
1469.0,0.28140676
1470.0,0.281513572
1471.0,0.281643242
1472.0,0.281787157
1473.0,0.281945467
1474.0,0.28207913
1475.0,0.282173216
1476.0,0.282268375
1477.0,0.282402068
1478.0,0.282567084
1479.0,0.282708526
1480.0,0.282809615
1481.0,0.28290379
1482.0,0.282985806
1483.0,0.283060193
1484.0,0.283165693
1485.0,0.283292502
1486.0,0.283398449
1487.0,0.283489347
1488.0,0.2835899
1489.0,0.283709854
1490.0,0.283838272
1491.0,0.28396678
1492.0,0.284098387
1493.0,0.284235656
1494.0,0.284375787
1495.0,0.2845079
1496.0,0.28463009
1497.0,0.284708709
1498.0,0.284775823
1499.0,0.284876794
1500.0,0.284986883
1501.0,0.28508842
1502.0,0.285185814
1503.0,0.285278708
1504.0,0.285378963
1505.0,0.28548184
1506.0,0.28558141
1507.0,0.285681874
1508.0,0.285807222
1509.0,0.285928488
1510.0,0.286052167
1511.0,0.286213666
1512.0,0.286358535
1513.0,0.2864694
1514.0,0.286611915
1515.0,0.286774546
1516.0,0.286881626
1517.0,0.286959499
1518.0,0.287030578
1519.0,0.287102759
1520.0,0.287187666
1521.0,0.287268162
1522.0,0.28732875
1523.0,0.287377626
1524.0,0.2874102
1525.0,0.287453443
1526.0,0.287519515
1527.0,0.287585318
1528.0,0.287664592
1529.0,0.28776288
1530.0,0.287888765
1531.0,0.28801623
1532.0,0.288118124
1533.0,0.288215637
1534.0,0.288336128
1535.0,0.288455755
1536.0,0.288523644
1537.0,0.28857708
1538.0,0.28864339
1539.0,0.288719684
1540.0,0.288824886
1541.0,0.28895098
1542.0,0.289061606
1543.0,0.289153278
1544.0,0.289236069
1545.0,0.28933081
1546.0,0.289433897
1547.0,0.289527118
1548.0,0.289604813
1549.0,0.289695621
1550.0,0.289813578
1551.0,0.289927006
1552.0,0.289996237
1553.0,0.290055573
1554.0,0.290138096
1555.0,0.290231943
1556.0,0.290336847
1557.0,0.290439188
1558.0,0.290542126
1559.0,0.290649801
1560.0,0.290734202
1561.0,0.290812135
1562.0,0.290900648
1563.0,0.29099381
1564.0,0.29109326
1565.0,0.291192919
1566.0,0.29127869
1567.0,0.291371703
1568.0,0.291467607
1569.0,0.291533113
1570.0,0.291602641
1571.0,0.29168728
1572.0,0.291771293
1573.0,0.291850924
1574.0,0.291909724
1575.0,0.291962236
1576.0,0.292036772
1577.0,0.292112678
1578.0,0.292200953
1579.0,0.292336702
1580.0,0.292451024
1581.0,0.292535633
1582.0,0.292623997
1583.0,0.29269883
1584.0,0.292758137
1585.0,0.292802989
1586.0,0.292864382
1587.0,0.292959511
1588.0,0.293054134
1589.0,0.293152064
1590.0,0.293261349
1591.0,0.293367416
1592.0,0.293451339
1593.0,0.293512255
1594.0,0.293568462
1595.0,0.293637127
1596.0,0.293726683
1597.0,0.293839961
1598.0,0.293935329
1599.0,0.29402864
1600.0,0.294106424
1601.0,0.294151366
1602.0,0.294177234
1603.0,0.29420644
1604.0,0.294281512
1605.0,0.294375807
1606.0,0.294446111
1607.0,0.294523001
1608.0,0.294631332
1609.0,0.294755816
1610.0,0.2948443
1611.0,0.294916391
1612.0,0.294994384
1613.0,0.295046598
1614.0,0.295078278
1615.0,0.295100063
1616.0,0.295137107
1617.0,0.29521215
1618.0,0.295289338
1619.0,0.295357704
1620.0,0.295424074
1621.0,0.295456976
1622.0,0.295484364
1623.0,0.295568198
1624.0,0.295652837
1625.0,0.295711309
1626.0,0.295773476
1627.0,0.295830309
1628.0,0.295893848
1629.0,0.295980334
1630.0,0.296084702
1631.0,0.29620254
1632.0,0.296298623
1633.0,0.296395719
1634.0,0.296493381
1635.0,0.296588928
1636.0,0.29669264
1637.0,0.296782017
1638.0,0.296825349
1639.0,0.296854496
1640.0,0.296922177
1641.0,0.297015607
1642.0,0.297091335
1643.0,0.297142655
1644.0,0.297213107
1645.0,0.297302574
1646.0,0.297389299
1647.0,0.297450691
1648.0,0.29749313
1649.0,0.297550142
1650.0,0.297644258
1651.0,0.297716409
1652.0,0.297768861
1653.0,0.297845691
1654.0,0.297937244
1655.0,0.298042893
1656.0,0.298150688
1657.0,0.298245996
1658.0,0.298316836
1659.0,0.298356235
1660.0,0.29838419
1661.0,0.298423082
1662.0,0.298494011
1663.0,0.298573613
1664.0,0.298633426
1665.0,0.298679292
1666.0,0.298747391
1667.0,0.298827469
1668.0,0.29888168
1669.0,0.298919201
1670.0,0.298978329
1671.0,0.299060971
1672.0,0.299167186
1673.0,0.299267888
1674.0,0.299323112
1675.0,0.299357086
1676.0,0.299383342
1677.0,0.299417615
1678.0,0.299490482
1679.0,0.299562901
1680.0,0.299612552
1681.0,0.299680173
1682.0,0.299742758
1683.0,0.299780905
1684.0,0.299820781
1685.0,0.299860001
1686.0,0.299907237
1687.0,0.299965501
1688.0,0.299998581
1689.0,0.30002144
1690.0,0.300064772
1691.0,0.300126106
1692.0,0.300179958
1693.0,0.300215364
1694.0,0.300278485
1695.0,0.300371915
1696.0,0.300472617
1697.0,0.300545871
1698.0,0.300577998
1699.0,0.300625026
1700.0,0.300696552
1701.0,0.300780386
1702.0,0.300877541
1703.0,0.300983071
1704.0,0.301094651
1705.0,0.301205367
1706.0,0.301309437
1707.0,0.301430792
1708.0,0.301588625
1709.0,0.301716536
1710.0,0.301787645
1711.0,0.301877052
1712.0,0.30197373
1713.0,0.302046508
1714.0,0.302101851
1715.0,0.302173704
1716.0,0.302284151
1717.0,0.302393109
1718.0,0.302475214
1719.0,0.30256179
1720.0,0.302696377
1721.0,0.302803487
1722.0,0.302849054
1723.0,0.302921414
1724.0,0.303012013
1725.0,0.303089917
1726.0,0.30317691
1727.0,0.303275913
1728.0,0.303352326
1729.0,0.303409785
1730.0,0.30344218
1731.0,0.303507239
1732.0,0.30359903
1733.0,0.30369702
1734.0,0.303812087
1735.0,0.303878129
1736.0,0.303915501
1737.0,0.303984463
1738.0,0.304077536
1739.0,0.304167122
1740.0,0.304232925
1741.0,0.304256886
1742.0,0.304235071
1743.0,0.304216266
1744.0,0.304253101
1745.0,0.304353952
1746.0,0.304453492
1747.0,0.30453667
1748.0,0.304601938
1749.0,0.304674983
1750.0,0.304786205
1751.0,0.304867029
1752.0,0.304937094
1753.0,0.305038929
1754.0,0.305132627
1755.0,0.305200398
1756.0,0.305282265
1757.0,0.305375606
1758.0,0.305455416
1759.0,0.30551526
1760.0,0.305581033
1761.0,0.305664867
1762.0,0.305744499
1763.0,0.305830508
1764.0,0.305945009
1765.0,0.306047708
1766.0,0.306120902
1767.0,0.30616051
1768.0,0.306208491
1769.0,0.306326658
1770.0,0.306441188
1771.0,0.306502849
1772.0,0.306579888
1773.0,0.306682676
1774.0,0.306782395
1775.0,0.306847304
1776.0,0.306888908
1777.0,0.306925118
1778.0,0.307006598
1779.0,0.307124555
1780.0,0.307227015
1781.0,0.307322413
1782.0,0.307432801
1783.0,0.307557195
1784.0,0.307665169
1785.0,0.307753175
1786.0,0.307837754
1787.0,0.307908744
1788.0,0.30800429
1789.0,0.308124423
1790.0,0.308170736
1791.0,0.308174968
1792.0,0.308230072
1793.0,0.308297247
1794.0,0.308349162
1795.0,0.308392018
1796.0,0.308465421
1797.0,0.308529109
1798.0,0.308580816
1799.0,0.308637261
1800.0,0.308674991
1801.0,0.308719009
1802.0,0.308763504
1803.0,0.308844
1804.0,0.308991939
1805.0,0.309125662
1806.0,0.309219122
1807.0,0.309306502
1808.0,0.309418648
1809.0,0.309533417
1810.0,0.309589118
1811.0,0.309624314
1812.0,0.30966863
1813.0,0.309711367
1814.0,0.309731632
1815.0,0.309748799
1816.0,0.309768081
1817.0,0.309762239
1818.0,0.309745699
1819.0,0.30974251
1820.0,0.30972743
1821.0,0.309700876
1822.0,0.309650809
1823.0,0.309666574
1824.0,0.309724152
1825.0,0.309739679
1826.0,0.309730381
1827.0,0.30972451
1828.0,0.309735328
1829.0,0.309742481
1830.0,0.309731722
1831.0,0.309731722
1832.0,0.309787463
1833.0,0.309715997
1834.0,0.30958954
1835.0,0.309702788
1836.0,0.309923624
1837.0,0.310022795
1838.0,0.310092104
1839.0,0.310168182
1840.0,0.310135205
1841.0,0.310098334
1842.0,0.310092583
1843.0,0.310101479
1844.0,0.310178036
1845.0,0.310229284
1846.0,0.310289278
1847.0,0.310430142
1848.0,0.31057529
1849.0,0.310682937
1850.0,0.310784744
1851.0,0.310805501
1852.0,0.310828414
1853.0,0.31089344
1854.0,0.310961461
1855.0,0.31096194
1856.0,0.31092435
1857.0,0.310961281
1858.0,0.311091272
1859.0,0.311218059
1860.0,0.311339694
1861.0,0.311454201
1862.0,0.311582156
1863.0,0.311714394
1864.0,0.311830218
1865.0,0.311914353
1866.0,0.312013225
1867.0,0.312151273
1868.0,0.312283841
1869.0,0.312402391
1870.0,0.312486107
1871.0,0.312339132
1872.0,0.312189582
1873.0,0.312254757
1874.0,0.312337635
1875.0,0.312412814
1876.0,0.312478499
1877.0,0.312549934
1878.0,0.312624065
1879.0,0.312720002
1880.0,0.312890758
1881.0,0.313056452
1882.0,0.313028118
1883.0,0.312991277
1884.0,0.312988162
1885.0,0.312999304
1886.0,0.313009158
1887.0,0.313004336
1888.0,0.31298918
1889.0,0.312971239
1890.0,0.312960366
1891.0,0.312981902
1892.0,0.313006492
1893.0,0.313035696
1894.0,0.313067295
1895.0,0.313060376
1896.0,0.313039799
1897.0,0.313112822
1898.0,0.313268033
1899.0,0.313380083
1900.0,0.313389758
1901.0,0.31340704
1902.0,0.313530442
1903.0,0.313650131
1904.0,0.313753944
1905.0,0.313852336
1906.0,0.313869319
1907.0,0.313850659
1908.0,0.313765685
1909.0,0.313611972
1910.0,0.313536852
1911.0,0.313648303
1912.0,0.313754334
1913.0,0.313840895
1914.0,0.313923952
1915.0,0.313934944
1916.0,0.313930631
1917.0,0.313959415
1918.0,0.313995747
1919.0,0.314125648
1920.0,0.314363797
1921.0,0.314551865
1922.0,0.314631208
1923.0,0.314698061
1924.0,0.314592121
1925.0,0.31448633
1926.0,0.314508105
1927.0,0.314538087
1928.0,0.314593588
1929.0,0.314680629
1930.0,0.314743737
1931.0,0.314789684
1932.0,0.314851625
1933.0,0.314936389
1934.0,0.315019925
1935.0,0.315100256
1936.0,0.315180497
1937.0,0.31515372
1938.0,0.315114663
1939.0,0.315231805
1940.0,0.31542814
1941.0,0.315542557
1942.0,0.315542617
1943.0,0.315506016
1944.0,0.315499486
1945.0,0.315510928
1946.0,0.315598897
1947.0,0.315691179
1948.0,0.315715709
1949.0,0.315705705
1950.0,0.315808171
1951.0,0.316035057
1952.0,0.316192216
1953.0,0.316223186
1954.0,0.316261554
1955.0,0.316391276
1956.0,0.316521478
1957.0,0.316614239
1958.0,0.316691964
1959.0,0.31665725
1960.0,0.316625741
1961.0,0.316737851
1962.0,0.316865985
1963.0,0.316960364
1964.0,0.317052586
1965.0,0.317236521
1966.0,0.317528493
1967.0,0.317764246
1968.0,0.317775957
1969.0,0.317794138
1970.0,0.317857157
1971.0,0.317922602
1972.0,0.318011469
1973.0,0.318130259
1974.0,0.318302842
1975.0,0.318499657
1976.0,0.31866628
1977.0,0.318765001
1978.0,0.3188719
1979.0,0.318997668
1980.0,0.31910873
1981.0,0.319184808
1982.0,0.319258251
1983.0,0.319307641
1984.0,0.319343614
1985.0,0.319256364
1986.0,0.319111725
1987.0,0.319147338
1988.0,0.319349365
1989.0,0.319547138
1990.0,0.319718852
1991.0,0.319865407
1992.0,0.319906412
1993.0,0.319961284
1994.0,0.320217193
1995.0,0.320502726
1996.0,0.320742192
1997.0,0.320943679
1998.0,0.321081099
1999.0,0.321186889
2000.0,0.321288816
2001.0,0.32140482
2002.0,0.321502313
2003.0,0.321519685
2004.0,0.321528372
2005.0,0.321494316
2006.0,0.32145475
2007.0,0.321442829
2008.0,0.32144208
2009.0,0.321540083
2010.0,0.321651714
2011.0,0.321699308
2012.0,0.321709761
2013.0,0.321724527
2014.0,0.321768167
2015.0,0.321819595
2016.0,0.321960519
2017.0,0.32210321
2018.0,0.322257882
2019.0,0.322428159
2020.0,0.322612334
2021.0,0.322771469
2022.0,0.322793513
2023.0,0.322830354
2024.0,0.322852938
2025.0,0.322809628
2026.0,0.322856562
2027.0,0.323055833
2028.0,0.32324456
2029.0,0.323331361
2030.0,0.323387581
2031.0,0.323523803
2032.0,0.323676648
2033.0,0.323713609
2034.0,0.323708037
2035.0,0.323675899
2036.0,0.323653076
2037.0,0.323832129
2038.0,0.324166812
2039.0,0.324332207
2040.0,0.32429926
2041.0,0.324230969
2042.0,0.324045776
2043.0,0.323917582
2044.0,0.324103613
2045.0,0.324300248
2046.0,0.324401935
2047.0,0.324475467
2048.0,0.324563706
2049.0,0.324675996
2050.0,0.324727363
2051.0,0.324706966
2052.0,0.32476052
2053.0,0.324868198
2054.0,0.324921033
2055.0,0.32494188
2056.0,0.324965961
2057.0,0.325007235
2058.0,0.325039283
2059.0,0.324932475
2060.0,0.324821982
2061.0,0.324957305
2062.0,0.325178051
2063.0,0.325368306
2064.0,0.325497579
2065.0,0.325580037
2066.0,0.325649885
2067.0,0.325701013
2068.0,0.325729886
2069.0,0.325719194
2070.0,0.325668515
2071.0,0.325729826
2072.0,0.325986186
2073.0,0.326188391
2074.0,0.326263541
2075.0,0.326338121
2076.0,0.326393143
2077.0,0.326442983
2078.0,0.326541945
2079.0,0.326621377
2080.0,0.32663869
2081.0,0.326694191
2082.0,0.326679065
2083.0,0.326624612
2084.0,0.326567973
2085.0,0.326527358
2086.0,0.326573215
2087.0,0.326743791
2088.0,0.326908737
2089.0,0.326950729
2090.0,0.326976248
2091.0,0.327011472
2092.0,0.327044719
2093.0,0.326932009
2094.0,0.326812651
2095.0,0.326906161
2096.0,0.327086921
2097.0,0.327215834
2098.0,0.327273372
2099.0,0.327393659
2100.0,0.327668529
2101.0,0.327868338
2102.0,0.327724509
2103.0,0.327634773
2104.0,0.327814874
2105.0,0.328047601
2106.0,0.32832298
2107.0,0.328573558
2108.0,0.328625974
2109.0,0.328669524
2110.0,0.3286969
2111.0,0.328675095
2112.0,0.32877822
2113.0,0.328990909
2114.0,0.329184249
2115.0,0.329293933
2116.0,0.329394901
2117.0,0.329550891
2118.0,0.32969505
2119.0,0.329769361
2120.0,0.32986967
2121.0,0.330053246
2122.0,0.330215376
2123.0,0.33031922
2124.0,0.330458886
2125.0,0.330641293
2126.0,0.330765354
2127.0,0.330969238
2128.0,0.331281307
2129.0,0.331568667
2130.0,0.331775216
2131.0,0.33179741
2132.0,0.331626504
2133.0,0.331644056
2134.0,0.331969274
2135.0,0.332217067
2136.0,0.332379647
2137.0,0.332526831
2138.0,0.332590269
2139.0,0.332669372
2140.0,0.332821678
2141.0,0.332972067
2142.0,0.332946937
2143.0,0.332906802
2144.0,0.332989649
2145.0,0.333024183
2146.0,0.333067913
2147.0,0.333165617
2148.0,0.33330705
2149.0,0.333579673
2150.0,0.333948801
2151.0,0.334283365
2152.0,0.33443621
2153.0,0.334405928
2154.0,0.33441722
2155.0,0.334448221
2156.0,0.334503632
2157.0,0.334619097
2158.0,0.33471054
2159.0,0.334838016
2160.0,0.335019016
2161.0,0.335093207
2162.0,0.335131695
2163.0,0.335156286
2164.0,0.335099467
2165.0,0.33509758
2166.0,0.335143197
2167.0,0.335166889
2168.0,0.335212446
2169.0,0.335280706
2170.0,0.335386197
2171.0,0.335516099
2172.0,0.335680655
2173.0,0.335780096
2174.0,0.335828947
2175.0,0.335916317
2176.0,0.336072816
2177.0,0.336218293
2178.0,0.336251061
2179.0,0.336233269
2180.0,0.336318932
2181.0,0.336500651
2182.0,0.336574842
2183.0,0.336551269
2184.0,0.336529494
2185.0,0.336534257
2186.0,0.33655744
2187.0,0.336610065
2188.0,0.336691774
2189.0,0.336711932
2190.0,0.336717024
2191.0,0.336751019
2192.0,0.336753236
2193.0,0.336757699
2194.0,0.336828086
2195.0,0.33700603
2196.0,0.337151477
2197.0,0.337317801
2198.0,0.337510332
2199.0,0.337563407
2200.0,0.337547502
2201.0,0.33757386
2202.0,0.337635561
2203.0,0.337731408
2204.0,0.33786116
2205.0,0.337903033
2206.0,0.337877454
2207.0,0.337951315
2208.0,0.338100506
2209.0,0.338162716
2210.0,0.338120933
2211.0,0.338216899
2212.0,0.338548737
2213.0,0.338795662
2214.0,0.338876113
2215.0,0.33895255
2216.0,0.339020122
2217.0,0.339045132
2218.0,0.339126212
2219.0,0.339278757
2220.0,0.339582231
2221.0,0.339837721
2222.0,0.339762871
2223.0,0.339627219
2224.0,0.339662562
2225.0,0.339786144
2226.0,0.339836403
2227.0,0.339789828
2228.0,0.339780603
2229.0,0.339834876
2230.0,0.340004344
2231.0,0.340264866
2232.0,0.340358197
2233.0,0.340214427
2234.0,0.340228115
2235.0,0.340502446
2236.0,0.340703513
2237.0,0.340858095
2238.0,0.341039215
2239.0,0.341041851
2240.0,0.341021813
2241.0,0.341090403
2242.0,0.341165882
2243.0,0.341312048
2244.0,0.341479899
2245.0,0.34162262
2246.0,0.341726224
2247.0,0.341899406
2248.0,0.342138543
2249.0,0.342219833
2250.0,0.342217347
2251.0,0.34221492
2252.0,0.342254188
2253.0,0.342270811
2254.0,0.342267067
2255.0,0.342349075
2256.0,0.34250857
2257.0,0.342654795
2258.0,0.342748305
2259.0,0.342848135
2260.0,0.343024553
2261.0,0.343142803
2262.0,0.3431573
2263.0,0.343290047
2264.0,0.343514327
2265.0,0.343666693
2266.0,0.343691673
2267.0,0.343696825
2268.0,0.343826457
2269.0,0.343975169
2270.0,0.344041213
2271.0,0.344137718
2272.0,0.344290833
2273.0,0.344443618
2274.0,0.344796991
2275.0,0.345155157
2276.0,0.345306744
2277.0,0.345428739
2278.0,0.345530156
2279.0,0.34563355
2280.0,0.345567267
2281.0,0.345510867
2282.0,0.345623247
2283.0,0.345715409
2284.0,0.34592097
2285.0,0.346124973
2286.0,0.346219711
2287.0,0.346281711
2288.0,0.346240647
2289.0,0.346219681
2290.0,0.346137013
2291.0,0.345975183
2292.0,0.345901351
2293.0,0.345961674
2294.0,0.346102628
2295.0,0.346192724
2296.0,0.346304954
2297.0,0.34649491
2298.0,0.346635474
2299.0,0.346682978
2300.0,0.346730692
2301.0,0.346843371
2302.0,0.346931759
2303.0,0.34698121
2304.0,0.347048272
2305.0,0.347044259
2306.0,0.347080321
2307.0,0.347264316
2308.0,0.347452355
2309.0,0.347652883
2310.0,0.347818638
2311.0,0.348025216
2312.0,0.348218467
2313.0,0.348113305
2314.0,0.348006137
2315.0,0.348150506
2316.0,0.348296162
2317.0,0.348277712
2318.0,0.348271811
2319.0,0.348619793
2320.0,0.348982931
2321.0,0.349249713
2322.0,0.349444252
2323.0,0.349344871
2324.0,0.349229196
2325.0,0.349229017
2326.0,0.349336275
2327.0,0.349348405
2328.0,0.349240698
2329.0,0.349377848
2330.0,0.349640976
2331.0,0.349775371
2332.0,0.349835874
2333.0,0.349811074
2334.0,0.349718642
2335.0,0.350026428
2336.0,0.350659374
2337.0,0.351011939
2338.0,0.351199468
2339.0,0.351180508
2340.0,0.350959792
2341.0,0.350953562
2342.0,0.351047252
2343.0,0.351184013
2344.0,0.3514475
2345.0,0.351742438
2346.0,0.352057503
2347.0,0.352179976
2348.0,0.35204687
2349.0,0.351980945
2350.0,0.352011706
2351.0,0.352072928
2352.0,0.352225054
2353.0,0.352273396
2354.0,0.3521715
2355.0,0.352166198
2356.0,0.35233959
2357.0,0.352484228
2358.0,0.35245817
2359.0,0.352497587
2360.0,0.352708719
2361.0,0.352948305
2362.0,0.353248124
2363.0,0.353499092
2364.0,0.353494599
2365.0,0.353463958
2366.0,0.35335661
2367.0,0.353211972
2368.0,0.353149672
2369.0,0.353157339
2370.0,0.353265736
2371.0,0.353387461
2372.0,0.353634564
2373.0,0.353856958
2374.0,0.353756948
2375.0,0.353697074
2376.0,0.354047003
2377.0,0.354372791
2378.0,0.354477713
2379.0,0.354586439
2380.0,0.354405379
2381.0,0.354200657
2382.0,0.354372072
2383.0,0.354569456
2384.0,0.354680308
2385.0,0.354786787
2386.0,0.35495356
2387.0,0.35511611
2388.0,0.355144175
2389.0,0.355139861
2390.0,0.355154718
2391.0,0.355180836
2392.0,0.35493505
2393.0,0.354683273
2394.0,0.354555708
2395.0,0.354434013
2396.0,0.354874876
2397.0,0.355357253
2398.0,0.355488413
2399.0,0.355608041
2400.0,0.355583989
2401.0,0.355534
2402.0,0.355584169
2403.0,0.355704906
2404.0,0.355806533
2405.0,0.355863831
2406.0,0.356308618
2407.0,0.356814597
2408.0,0.356536313
2409.0,0.356200431
2410.0,0.35638817
2411.0,0.356626678
2412.0,0.356956689
2413.0,0.357258455
2414.0,0.357229132
2415.0,0.357201786
2416.0,0.357119748
2417.0,0.357052505
2418.0,0.357120586
2419.0,0.357211011
2420.0,0.357353553
2421.0,0.357422652
2422.0,0.357633095
2423.0,0.357939474
2424.0,0.358496431
2425.0,0.359010587
2426.0,0.359040029
2427.0,0.359046858
2428.0,0.359084059
2429.0,0.359097567
2430.0,0.35877121
2431.0,0.358552261
2432.0,0.359319571
2433.0,0.359970997
2434.0,0.359613131
2435.0,0.359346678
2436.0,0.359824801
2437.0,0.360252096
2438.0,0.360082029
2439.0,0.359952157
2440.0,0.36037463
2441.0,0.360697033
2442.0,0.360727165
2443.0,0.360851855
2444.0,0.361459161
2445.0,0.361985777
2446.0,0.361727681
2447.0,0.361501124
2448.0,0.361377812
2449.0,0.361207685
2450.0,0.360993708
2451.0,0.360991371
2452.0,0.36117291
2453.0,0.361195614
2454.0,0.361323509
2455.0,0.361550934
2456.0,0.362013842
2457.0,0.362188133
2458.0,0.361539403
2459.0,0.361271542
2460.0,0.361669844
2461.0,0.362154437
2462.0,0.362744132
2463.0,0.362977577
2464.0,0.362632051
2465.0,0.362652059
2466.0,0.363279433
2467.0,0.363720327
2468.0,0.36391819
2469.0,0.363957816
2470.0,0.363922293
2471.0,0.363692022
2472.0,0.363151059
2473.0,0.363144769
2474.0,0.363570507
2475.0,0.363729672
2476.0,0.363576288
2477.0,0.363864546
2478.0,0.364628741
2479.0,0.364989932
2480.0,0.365163234
2481.0,0.365022999
2482.0,0.364650635
2483.0,0.364359322
2484.0,0.36427944
2485.0,0.364889353
2486.0,0.365543444
2487.0,0.365611285
2488.0,0.365520231
2489.0,0.365263154
2490.0,0.364971241
2491.0,0.365113813
2492.0,0.365569532
2493.0,0.366174802
2494.0,0.366457549
2495.0,0.366625699
2496.0,0.367035772
2497.0,0.368467028
2498.0,0.36976916
2499.0,0.369192585
2500.0,0.36849066
